$ 1 0.000005 18.278915558614752 50 5 50 5e-11
v 48 336 48 64 0 0 40 5 0 0 0.5
S 144 144 144 64 0 0 false 1 2
w 240 64 240 336 0
r 48 336 144 336 0 100
r 144 336 240 336 0 100
w 48 64 128 64 0
w 160 64 240 64 0
r 288 336 384 336 0 100
r 384 336 480 336 0 100
w 480 64 480 336 0
S 384 144 384 64 0 0 false 1 2
w 288 64 368 64 0
w 400 64 480 64 0
c 384 144 384 336 0 0.0003 0.9374638347645923 0.001 0
v 288 336 288 64 0 0 40 5 0 0 0.5
w 144 144 144 192 0
w 144 336 144 288 0
w 144 288 96 288 0
w 96 192 144 192 0
w 144 192 192 192 0
c 192 192 192 288 0 0.00019999999999999998 0.9251369906278213 0.001 0.1
c 96 192 96 288 0 0.00009999999999999999 0.924520506687805 0.001 0
w 144 288 192 288 0
